%TITLE%
 IAD   241116/1200 

   LEVEL       HGHT       TEMP       DWPT       WDIR       WSPD
-------------------------------------------------------------------
%RAW%
 1005.00,     93.00,     12.20,      7.30,    300.00,     10.00
 1002.00,    113.98,     12.20,      5.20,    320.00,     10.99
 1000.00,    128.00,     12.00,      5.00,    320.00,     13.00
  925.00,    775.00,      6.40,      3.80,    330.00,     35.00
  893.00,   1062.89,      3.80,      2.50,  -9999.00,  -9999.00
  888.00,   1108.56,      3.60,      1.00,  -9999.00,  -9999.00
  877.00,   1209.39,      2.65,      0.90,    330.00,     43.01
  856.00,   1405.43,      0.80,      0.70,  -9999.00,  -9999.00
  850.00,   1462.00,      0.40,      0.40,    335.00,     40.00
  838.00,   1576.04,     -0.30,     -0.30,  -9999.00,  -9999.00
  835.00,   1604.81,      0.60,     -1.30,  -9999.00,  -9999.00
  834.00,   1614.46,      1.80,     -2.50,  -9999.00,  -9999.00
  833.00,   1624.18,      4.00,     -4.00,  -9999.00,  -9999.00
  832.00,   1633.96,      4.80,     -4.20,  -9999.00,  -9999.00
  831.00,   1643.78,      5.40,     -4.60,  -9999.00,  -9999.00
  829.00,   1663.48,      5.60,     -4.40,  -9999.00,  -9999.00
  825.00,   1703.02,      5.40,     -4.60,  -9999.00,  -9999.00
  816.00,   1792.86,      7.00,    -15.00,  -9999.00,  -9999.00
  809.00,   1863.76,      7.86,    -24.33,    345.00,     29.99
  803.00,   1925.03,      8.60,    -32.40,  -9999.00,  -9999.00
  801.00,   1945.60,      8.60,    -37.40,  -9999.00,  -9999.00
  792.00,   2038.89,      9.00,    -40.00,  -9999.00,  -9999.00
  767.00,   2302.75,      7.99,    -39.75,    345.00,     38.00
  734.00,   2664.53,      6.60,    -39.40,  -9999.00,  -9999.00
  722.00,   2799.70,      7.20,    -37.80,  -9999.00,  -9999.00
  700.00,   3053.00,      5.60,    -38.40,    340.00,     41.01
  658.00,   3554.71,      2.40,    -32.60,  -9999.00,  -9999.00
  567.00,   4733.63,     -7.30,    -31.30,  -9999.00,  -9999.00
  559.00,   4844.00,     -8.10,    -29.10,  -9999.00,  -9999.00
  549.00,   4983.79,     -8.90,    -32.90,  -9999.00,  -9999.00
  540.00,   5111.35,     -9.90,    -29.90,  -9999.00,  -9999.00
  519.00,   5415.82,    -11.70,    -39.70,  -9999.00,  -9999.00
  508.00,   5579.31,    -12.90,    -31.90,  -9999.00,  -9999.00
  500.00,   5700.00,    -13.70,    -34.70,    335.00,     50.99
  493.00,   5807.40,    -14.10,    -38.10,  -9999.00,  -9999.00
  483.00,   5963.01,    -15.30,    -33.30,  -9999.00,  -9999.00
  452.00,   6463.81,    -17.10,    -46.10,  -9999.00,  -9999.00
  424.00,   6941.46,    -20.70,    -50.70,  -9999.00,  -9999.00
  400.00,   7370.00,    -24.90,    -50.90,    315.00,     52.00
  394.00,   7479.68,    -25.70,    -50.70,  -9999.00,  -9999.00
  386.00,   7627.90,    -27.10,    -44.10,  -9999.00,  -9999.00
  358.00,   8164.73,    -32.30,    -45.30,  -9999.00,  -9999.00
  348.00,   8364.04,    -33.50,    -46.50,  -9999.00,  -9999.00
  331.00,   8714.02,    -35.50,    -52.50,  -9999.00,  -9999.00
  314.00,   9078.45,    -38.70,    -51.70,  -9999.00,  -9999.00
  305.00,   9277.32,    -40.17,    -57.25,    315.00,     62.01
  303.00,   9322.31,    -40.50,    -58.50,  -9999.00,  -9999.00
  300.00,   9390.00,    -41.10,    -58.10,    315.00,     61.00
  279.00,   9876.87,    -45.10,    -57.10,  -9999.00,  -9999.00
  268.00,  10143.21,    -47.10,    -59.10,  -9999.00,  -9999.00
  264.00,  10242.21,    -47.70,    -63.70,  -9999.00,  -9999.00
  262.00,  10292.18,    -47.80,    -63.80,    315.00,     56.00
  260.00,  10342.54,    -47.90,    -63.90,  -9999.00,  -9999.00
  255.00,  10470.10,    -47.90,    -67.90,  -9999.00,  -9999.00
  250.00,  10600.00,    -48.50,    -64.50,    310.00,     63.00
  239.00,  10894.16,    -50.90,    -59.90,  -9999.00,  -9999.00
  237.00,  10948.78,    -51.10,    -64.10,  -9999.00,  -9999.00
  219.00,  11458.91,    -53.70,    -69.70,  -9999.00,  -9999.00
  217.00,  11517.86,    -53.30,    -69.30,  -9999.00,  -9999.00
  206.00,  11851.09,    -55.10,    -69.10,  -9999.00,  -9999.00
  200.00,  12040.00,    -54.30,    -73.30,    310.00,     88.00
  194.00,  12234.16,    -54.88,    -74.53,    315.00,     91.01
  182.00,  12641.17,    -56.10,    -77.10,  -9999.00,  -9999.00
  179.00,  12746.77,    -55.70,    -77.70,  -9999.00,  -9999.00
  157.00,  13572.73,    -58.82,    -80.82,    310.00,     72.01
  150.00,  13860.00,    -59.90,    -81.90,    310.00,     75.99
  147.00,  13985.97,    -60.20,    -81.45,    310.00,     75.99
  146.00,  14028.53,    -60.30,    -81.30,  -9999.00,  -9999.00
  143.00,  14157.86,    -60.30,    -83.30,  -9999.00,  -9999.00
  129.00,  14796.97,    -62.10,    -85.10,  -9999.00,  -9999.00
  125.00,  14989.50,    -63.15,    -85.43,    315.00,     44.00
  114.00,  15552.54,    -66.21,    -86.41,    285.00,     50.00
  113.00,  15606.39,    -66.50,    -86.50,    290.00,     50.00
  109.00,  15825.51,    -65.64,    -86.81,    290.00,     54.00
  103.00,  16169.76,    -64.30,    -87.30,  -9999.00,  -9999.00
  100.00,  16350.00,    -65.30,    -87.30,    315.00,     42.00
   93.80,  16738.10,    -67.90,    -86.90,  -9999.00,  -9999.00
   90.00,  16988.01,    -67.45,    -87.20,    295.00,     31.00
   84.00,  17404.93,    -66.70,    -87.70,  -9999.00,  -9999.00
   81.00,  17626.84,    -64.44,    -87.86,    315.00,     33.00
   80.30,  17679.80,    -63.90,    -87.90,  -9999.00,  -9999.00
   74.80,  18114.18,    -65.30,    -88.30,  -9999.00,  -9999.00
   74.00,  18179.95,    -65.02,    -88.30,    290.00,     19.00
   72.00,  18347.53,    -64.30,    -88.30,  -9999.00,  -9999.00
   70.00,  18520.00,    -64.90,    -88.90,    305.00,     21.00
   68.00,  18696.36,    -64.97,    -88.97,    320.00,     22.01
   64.10,  19055.70,    -65.10,    -89.10,  -9999.00,  -9999.00
   64.00,  19065.23,    -65.02,    -89.07,    315.00,     23.00
   63.00,  19161.37,    -64.23,    -88.77,    335.00,     24.01
   62.10,  19249.21,    -63.50,    -88.50,  -9999.00,  -9999.00
   61.00,  19358.20,    -63.81,    -88.66,    345.00,     16.01
   59.00,  19561.51,    -64.40,    -88.95,    335.00,      6.99
   55.40,  19945.46,    -65.50,    -89.50,  -9999.00,  -9999.00
   54.00,  20100.81,    -65.50,    -89.50,    335.00,     10.00
   52.40,  20283.37,    -65.50,    -89.50,  -9999.00,  -9999.00
   52.00,  20330.19,    -65.00,    -89.36,    305.00,     15.00
   51.00,  20448.84,    -63.73,    -88.99,    320.00,     17.00
   50.20,  20545.45,    -62.70,    -88.70,  -9999.00,  -9999.00
   50.00,  20570.00,    -62.70,    -88.70,    310.00,     16.01
   49.00,  20693.76,    -63.36,    -88.99,    290.00,     16.01
   48.00,  20820.08,    -64.02,    -89.29,    300.00,     14.01
   47.30,  20910.07,    -64.50,    -89.50,  -9999.00,  -9999.00
   46.00,  21081.70,    -64.12,    -89.40,    275.00,     12.00
   43.00,  21497.02,    -63.18,    -89.17,    330.00,     10.00
   37.00,  22422.49,    -61.11,    -88.65,     60.00,      0.99
   35.40,  22694.72,    -60.50,    -88.50,  -9999.00,  -9999.00
   30.50,  23617.87,    -61.90,    -88.90,  -9999.00,  -9999.00
   30.00,  23720.00,    -61.70,    -89.70,    355.00,      4.99
   29.00,  23931.05,    -61.13,    -89.54,    335.00,     10.00
   27.60,  24239.08,    -60.30,    -89.30,  -9999.00,  -9999.00
   27.00,  24375.64,    -60.63,    -89.33,    325.00,     17.00
   26.00,  24610.14,    -61.19,    -89.38,    315.00,     16.01
   23.80,  25159.49,    -62.50,    -89.50,  -9999.00,  -9999.00
   23.00,  25371.64,    -61.23,    -89.02,    355.00,     15.00
   22.80,  25425.83,    -60.90,    -88.90,  -9999.00,  -9999.00
   22.00,  25647.87,    -61.32,    -89.32,    330.00,      8.00
   21.30,  25848.89,    -61.70,    -89.70,  -9999.00,  -9999.00
   20.00,  26240.00,    -61.30,    -89.30,    315.00,     15.00
   19.70,  26333.71,    -61.50,    -89.50,  -9999.00,  -9999.00
   19.00,  26559.64,    -60.42,    -89.09,    285.00,     19.00
   18.00,  26897.26,    -58.80,    -88.49,    290.00,     22.01
   17.70,  27002.21,    -58.30,    -88.30,  -9999.00,  -9999.00
   17.00,  27255.49,    -59.07,    -88.30,    270.00,     25.00
   16.80,  27329.77,    -59.30,    -88.30,  -9999.00,  -9999.00
   15.50,  27834.35,    -59.10,    -88.10,  -9999.00,  -9999.00
   15.00,  28042.95,    -58.19,    -87.76,    290.00,     21.00
   14.00,  28481.86,    -56.28,    -87.04,    305.00,     16.01
   13.00,  28953.31,    -54.23,    -86.27,    305.00,     22.01
   12.30,  29305.44,    -52.70,    -85.70,  -9999.00,  -9999.00
   12.00,  29464.62,    -52.84,    -85.60,    310.00,     20.01
   11.10,  29967.21,    -53.30,    -85.30,  -9999.00,  -9999.00
   11.00,  30025.53,    -53.26,    -85.36,    305.00,     19.00
   10.10,  30575.56,    -52.90,    -85.90,  -9999.00,  -9999.00
   10.00,  30640.00,    -51.10,    -85.10,    265.00,     23.00
    9.70,  30838.63,    -49.90,    -84.90,  -9999.00,  -9999.00
    9.00,  31329.49,    -48.90,    -83.90,    265.00,     22.01
    8.20,  31938.46,    -50.70,    -84.70,  -9999.00,  -9999.00
    8.00,  32101.00,    -49.98,    -84.45,    270.00,     23.00
    7.00,  32980.00,    -46.10,    -83.10,    245.00,     37.01
    6.90,  33075.68,    -45.90,    -82.90,  -9999.00,  -9999.00
    6.70,  33272.98,    -42.10,    -82.10,  -9999.00,  -9999.00
    6.50,  33478.30,    -41.30,    -82.30,  -9999.00,  -9999.00
    6.40,  33584.48,    -37.10,    -79.10,  -9999.00,  -9999.00
    6.20,  33803.49,    -37.90,    -79.90,  -9999.00,  -9999.00
    6.00,  34030.46,    -36.72,    -79.21,    240.00,     33.00
    5.80,  34265.11,    -35.50,    -78.50,  -9999.00,  -9999.00